112112122122
112112212122
112112212212
112121122122
112121212122
112121212212
112121221122
112121221212
112121221221
112122112122
112122112212
112122121122
112122121212
112122121221
112122122112
112122122121
112211212122
112211212212
112211221122
112211221212
112211221221
112212112122
112212112212
112212121122
112212121212
112212121221
112212122112
112212122121
112212211212
112212211221
112212212112
112212212121
112212212211
121121122122
121121212122
121121212212
121121221122
121121221212
121121221221
121122112122
121122112212
121122121122
121122121212
121122121221
121122122112
121122122121
121211212122
121211212212
121211221122
121211221212
121211221221
121212112122
121212112212
121212121122
121212121212
121212121221
121212122112
121212122121
121212211212
121212211221
121212212112
121212212121
121212212211
121221121122
121221121212
121221121221
121221122112
121221122121
121221211212
121221211221
121221212112
121221212121
121221212211
121221221121
121221221211
122112112122
122112112212
122112121122
122112121212
122112121221
122112122112
122112122121
122112211212
122112211221
122112212112
122112212121
122112212211
122121121122
122121121212
122121121221
122121122112
122121122121
122121211212
122121211221
122121212112
122121212121
122121212211
122121221121
122121221211
122122112112
122122112121
122122112211
122122121121
122122121211
211211212122
211211212212
211211221122
211211221212
211211221221
211212112122
211212112212
211212121122
211212121212
211212121221
211212122112
211212122121
211212211212
211212211221
211212212112
211212212121
211212212211
211221121122
211221121212
211221121221
211221122112
211221122121
211221211212
211221211221
211221212112
211221212121
211221212211
211221221121
211221221211
212112112122
212112112212
212112121122
212112121212
212112121221
212112122112
212112122121
212112211212
212112211221
212112212112
212112212121
212112212211
212121121122
212121121212
212121121221
212121122112
212121122121
212121211212
212121211221
212121212112
212121212121
212121212211
212121221121
212121221211
212122112112
212122112121
212122112211
212122121121
212122121211
212211211212
212211211221
212211212112
212211212121
212211212211
212211221121
212211221211
212212112112
212212112121
212212112211
212212121121
212212121211
212212211211
221121121122
221121121212
221121121221
221121122112
221121122121
221121211212
221121211221
221121212112
221121212121
221121212211
221121221121
221121221211
221122112112
221122112121
221122112211
221122121121
221122121211
221211211212
221211211221
221211212112
221211212121
221211212211
221211221121
221211221211
221212112112
221212112121
221212112211
221212121121
221212121211
221212211211
221221121121
221221121211
221221211211